d = [1336,-1.5954198837
2336,-1.6488549709
3336,-1.6335878372
4336,-1.5572519302
5336,-1.7862595558
6336,-1.6488549709
7336,-1.5343511104
8340,-1.4656488895
9336,-1.5114503860
10336,-1.5496183395
11336,-1.6335878372
12344,-1.5954198837
13340,-1.5496183395
14340,-1.4656488895
15336,-1.5496183395
16336,-1.5954198837
17336,-1.5954198837
18336,-1.5572519302
19336,-1.6412214279
20336,-1.6793893814
21336,-1.6641221046
22336,-1.6870229244
23336,-1.6564885139
24336,-1.6259541511
25336,-1.6335878372
26336,-1.6183205604
27336,-1.6412214279
28336,-1.5496183395
29336,-1.5572519302
30336,-1.5343511104
31336,-1.5801526069
32336,-1.6793893814
33336,-1.7022900581
34336,-1.7251908779
35336,-1.5801526069
36336,-1.5419846534
37336,-1.5801526069
38336,-1.5648855209
39336,-1.5725190639
40336,-1.6412214279
41336,-1.7328244209
42336,-1.6335878372
43336,-1.6412214279
44336,-1.6335878372
45336,-1.6793893814
46336,-1.5267175674
47336,-1.5038168430
48340,-1.6564885139
49336,-1.6564885139
50336,-1.6183205604
51340,-1.5572519302
52336,-1.6488549709
53336,-1.7557251453
54336,-1.7175573348
55340,-1.6259541511
56340,-1.6030534744
57336,-1.6564885139
58336,-1.6641221046
59336,-1.7175573348
60336,-1.5954198837
61336,-1.5190839767
62336,-1.5572519302
63336,-1.6793893814
64336,-1.7633588314
65336,-1.7022900581
66336,-1.6183205604
67336,-1.6870229244
68336,-1.6717556953
69336,-1.6641221046
70336,-1.6717556953
71336,-1.6793893814
72336,-1.5648855209
73336,-1.4885496139
74336,-1.5190839767
75336,-1.4961831569
76336,-1.5648855209
77336,-1.6793893814
78336,-1.7557251453
79336,-1.6870229244
80336,-1.6870229244
81336,-1.5648855209
82336,-1.6183205604
83336,-1.5648855209
84336,-1.5114503860
85336,-1.5572519302
86336,-1.6564885139
87336,-1.6412214279
88336,-1.6183205604
89336,-1.5954198837
90336,-1.6488549709
91340,-1.6641221046
92336,-1.6259541511
93336,-1.6183205604
94336,-1.6183205604
95336,-1.5038168430
96340,-1.5496183395
97340,-1.7175573348
98340,-1.7328244209
99340,-1.7709923744
100336,-1.6870229244
101336,-1.6335878372
102336,-1.5572519302
103336,-1.5496183395
104336,-1.5496183395
105336,-1.6106870174
106336,-1.5419846534
107336,-1.6946564674
108336,-1.7709923744
109336,-1.7404580116
110336,-1.7480916023
111336,-1.6412214279
112336,-1.5572519302
113336,-1.4427480697
114336,-1.5572519302
115336,-1.6717556953
116336,-1.6717556953
117336,-1.5801526069
118336,-1.5648855209
119336,-1.5725190639
120336,-1.5419846534
121336,-1.5877862930
122336,-1.4656488895
123336,-1.4885496139
124336,-1.6030534744
125336,-1.5954198837
126336,-1.5954198837
127336,-1.6030534744
128336,-1.7251908779
129336,-1.6870229244
130336,-1.7251908779
131336,-1.7709923744
132336,-1.6641221046
133336,-1.7480916023
134336,-1.7633588314
135336,-1.6564885139
136340,-1.6030534744
137336,-1.6641221046
138336,-1.7557251453
139336,-1.7328244209
140340,-1.6641221046
141340,-1.6030534744
142344,-1.5496183395
143336,-1.6259541511
144336,-1.5954198837
145336,-1.6335878372
146336,-1.6488549709
147336,-1.4885496139
148336,-1.4885496139
149336,-1.5954198837
150336,-1.5954198837
151336,-1.5954198837
152336,-1.5496183395
153336,-1.4732824325
154336,-1.5267175674
155336,-1.7709923744
156336,-1.7938930988
157336,-1.6641221046
158336,-1.6412214279
159336,-1.5496183395
160336,-1.5954198837
161336,-1.6183205604
162336,-1.6335878372
163336,-1.5419846534
164336,-1.6335878372
165336,-1.6488549709
166336,-1.6259541511
167336,-1.6259541511
168336,-1.7251908779
169336,-1.6717556953
170336,-1.6412214279
171336,-1.6717556953
172336,-1.6183205604
173336,-1.6564885139
174336,-1.7480916023
175336,-1.6870229244
176340,-1.7099236488
177336,-1.6335878372
178336,-1.6488549709
179340,-1.6412214279
180336,-1.6335878372];